1.   34.11  0
2.   27.69  0
3.   9.71  0
4.   7.95  0
5.   8.95  0
6.   48.24  0
7.   13.33  0
8.   37.36  0
9.   41.64  0
10.    4.71  0
11.   42.45  0
12.    9.16  0
13.    9.64  0
14.    6.82  0
15.   31.04  0
16.   25.42  0
17.   47.63  0
18.   5.7  0
19.   43.57  0
20.   39.44  0
21.   11.76  0
22.   44.98  0
23.   33.08  0
24.  45.3  0
25.   20.15  0
26.   30.09  0
27.   25.97  0
28.   11.49  0
29.   29.56  0
30.   13.56  0
31.    6.92  0
32.   16.31  0
33.   32.21  0
34.   49.42  0
35.   38.02  0
36.   12.57  0
37.   38.13  0
38.    3.82  0
39.   35.14  0
40.    8.53  0
41.   9.3  0
42.   47.87  0
43.   29.53  0
44.    8.02  0
45.    6.54  0
46.   13.61  0
47.   10.57  0
48.    7.15  0
49.   32.87  0
50.    5.26  0
70.  18.4  1
71.   19.26  1
72.   21.45  1
73.   20.31  1
74.   15.65  1
75.   21.83  1
76.   24.69  1
77.   18.13  1
78.   18.54  1
79.   15.45  1
80.   27.36  1
81.   23.68  1
82.   28.99  1
83.   28.38  1
84.   15.02  1
85.  17.4  1
86.   24.42  1
87.   15.63  1
88.   19.73  1
89.   16.26  1
90.   12.43  1
91.   22.17  1
92.   16.67  1
93.   17.23  1
94.   23.71  1
95.   14.73  1
96.   26.24  1
97.  13.1  1
98. 20.  1
99.   29.62  1
100.   28.5  1
101.    16.44  1
102.    21.03  1
103.    27.76  1
104.    10.04  1
105.    11.27  1
106.    21.46  1
107.    12.13  1
108.    19.62  1
109.    12.09  1
110.    24.56  1
111.    28.61  1
112.    28.93  1
113.    27.04  1
114.    25.86  1
115.    10.69  1
116.    12.16  1
117.    20.29  1
118.    20.51  1
119.    18.49  1
