1.   34.11
2.   27.69
3.   9.71
4.   7.95
5.   8.95
6.   48.24
7.   13.33
8.   37.36
9.   41.64
10.    4.71
11.   42.45
12.    9.16
13.    9.64
14.    6.82
15.   31.04
16.   25.42
17.   47.63
18.   5.7
19.   43.57
20.   39.44
21.   11.76
22.   44.98
23.   33.08
24.  45.3
25.   20.15
26.   30.09
27.   25.97
28.   11.49
29.   29.56
30.   13.56
31.    6.92
32.   16.31
33.   32.21
34.   49.42
35.   38.02
36.   12.57
37.   38.13
38.    3.82
39.   35.14
40.    8.53
41.   9.3
42.   47.87
43.   29.53
44.    8.02
45.    6.54
46.   13.61
47.   10.57
48.    7.15
49.   32.87
50.    5.26
70.  18.4
71.   19.26
72.   21.45
73.   20.31
74.   15.65
75.   21.83
76.   24.69
77.   18.13
78.   18.54
79.   15.45
80.   27.36
81.   23.68
82.   28.99
83.   28.38
84.   15.02
85.  17.4
86.   24.42
87.   15.63
88.   19.73
89.   16.26
90.   12.43
91.   22.17
92.   16.67
93.   17.23
94.   23.71
95.   14.73
96.   26.24
97.  13.1
98. 20.
99.   29.62
100.   28.5
101.    16.44
102.    21.03
103.    27.76
104.    10.04
105.    11.27
106.    21.46
107.    12.13
108.    19.62
109.    12.09
110.    24.56
111.    28.61
112.    28.93
113.    27.04
114.    25.86
115.    10.69
116.    12.16
117.    20.29
118.    20.51
119.    18.49
